1  0   0.257347        0.974559        0   55.5166
2  0   0.089124        0.954089        1   80.1526
3  0   0.0589975        0.636125        2   80.7212
4  0   0.0669143        0.788255        2   119.57
5  0   0.218834        0.752987        3   51.1939
6  0   0.172619        0.755892        4   51.5756
7  0   0.154069        0.720867        5   48.3056
8  0   0.192929        0.829839        4   75.9596
9  0   0.138108        0.526581        6   47.611
10  0   0.17716        0.751029        5   56.7875
1  1   0.1643        0.974761        0   86.9496
2  1   0        0.96353        2   -nan
3  1   0.0656922        0.743896        1   252.391
4  1   0.0433319        0.793092        1   275.322
5  1   0        0.790097        5   -nan
6  1   0.0584914        0.678578        3   157.32
7  1   0.0146135        0.847023        6   139.663
8  1   0.0187611        0.631949        7   95.1884
9  1   0.0286948        0.612108        7   115.813
10  1   0        0.581497        10   -nan
1  2   0        0.925688        1   -nan
2  2   0.0437643        0.933238        1   163.223
3  2   0.0286889        0.649643        2   165.995
4  2   0.0188987        0.517878        3   188.995
5  2   0.118704        0.57193        3   108.419
6  2   0.0240804        0.677075        4   198.314
7  2   0.0108063        0.5615        6   188.855
8  2   0.0113709        0.656164        7   157.053
9  2   0.00976666        0.314829        8   162.534
10  2   0        0.350405        10   -nan
1  3   0        0.719135        1   -nan
2  3   0        0.837132        2   -nan
3  3   0        0.913085        3   -nan
4  3   0        0.74715        4   -nan
5  3   0        0.752037        5   -nan
6  3   0.0285802        0.93317        5   83.3136
7  3   0.0213297        0.711726        6   95.686
8  3   0.0405205        0.721247        6   88.2068
9  3   0.0477827        0.765287        6   99.7751
10  3   0.0927141        0.804554        6   71.2738
1  4   0.153762        0.976191        0   92.9174
2  4   0.0777582        0.973969        1   91.8691
3  4   0.320097        0.972469        1   47.2928
4  4   0.253346        0.954029        2   43.8825
5  4   0.201102        0.778831        2   132.588
6  4   0.153284        0.805878        4   70.9264
7  4   0.021742        0.813569        6   93.8732
8  4   0.157863        0.65342        5   45.1078
9  4   0.131376        0.654782        6   60.2754
10  4   0.0210542        0.760074        7   346.572
1  5   0        0        1   -nan
2  5   0        0.314811        2   -nan
3  5   0        0.467599        3   -nan
4  5   0.226257        0.730214        2   80.8342
5  5   0.159221        0.623632        4   17.9457
6  5   0.137011        0.384743        5   17.379
7  5   0.110828        0.54641        6   18.4155
8  5   0.0638554        0.574876        6   97.1102
9  5   0.062998        0.772701        7   59.508
10  5   0.0769649        0.725578        9   18.5626
1  6   0        0.902193        1   -nan
2  6   0        0.514235        2   -nan
3  6   0.081194        0.636598        2   58.6525
4  6   0.0923062        0.717051        2   84.2167
5  6   0.073744        0.584534        3   86.7761
6  6   0.0397142        0.38408        5   59.9563
7  6   0.0283113        0.805476        5   153.277
8  6   0.0517826        0.823416        5   124
9  6   0.0267421        0.530818        8   59.36
10  6   0.0189496        0.731086        8   152.231
1  7   0        0.957375        1   -nan
2  7   0.148672        0.974661        0   182.064
3  7   0.0810753        0.564262        2   58.7384
4  7   0.0587412        0.683162        3   60.8005
5  7   0.00990353        0.549159        4   288.517
6  7   0.0404575        0.772774        5   58.8547
7  7   0.0234213        0.623233        6   87.1412
8  7   0.129531        0.812526        5   57.2034
9  7   0.099868        0.676303        7   52.7887
10  7   0.0973602        0.679749        8   40.23
1  8   0        0        1   -nan
2  8   0        0.484388        2   -nan
3  8   0        0.480446        3   -nan
4  8   0.152423        0.728772        3   23.4326
5  8   0.119691        0.769554        3   165.875
6  8   0.108014        0.64455        4   50.2957
7  8   0.0872023        0.550322        5   57.7509
8  8   0.190043        0.452414        6   20.7384
9  8   0.190176        0.536943        6   39.8856
10  8   0.172038        0.481847        7   40.02
1  9   0.683577        0.974762        0   20.8999
2  9   0.341789        0.951499        1   20.8999
3  9   0.224677        0.619493        2   21.195
4  9   0.194097        0.943648        2   70.069
5  9   0.194004        0.754791        3   29.8407
6  9   0.195708        0.829653        2   105.938
7  9   0.151348        0.811191        4   86.722
8  9   0.174702        0.710885        4   57.1132
9  9   0.128624        0.730476        6   58.2105
10  9   0.113932        0.702562        7   59.2129
1  10   0        0.852913        1   -nan
2  10   0        0.902489        2   -nan
3  10   0.0215768        0.87971        2   220.712
4  10   0.0220242        0.844795        3   162.171
5  10   0        0.669206        5   -nan
6  10   0.0102323        0.867306        5   232.705
7  10   0.0202943        0.809077        5   201.337
8  10   0.0554681        0.76199        6   86.7324
9  10   0.0541501        0.716139        6   147.089
10  10   0.0380292        0.752608        8   195.814
