1  0   0.0647887        0.974558        0   220.506
2  0   0.341089        0.974712        0   104.641
3  0   0.234352        0.975068        0   137.197
4  0   0.111909        0.972895        1   146.584
5  0   0.135312        0.971136        2   217.004
6  0   0.191744        0.95862        2   103.682
7  0   0.0921794        0.917612        4   127.278
8  0   0.107731        0.756462        3   156.358
9  0   0.0788174        0.885471        6   129.205
10  0   0.0700391        0.953283        3   208.046
1  1   0.99137        0.97456        0   14.4116
2  1   0.624189        0.974814        0   22.979
3  1   0.399838        0.652488        1   24.4965
4  1   0.154606        0.968787        2   179.056
5  1   0.142408        0.895472        4   20.0644
6  1   0.114653        0.775868        3   97.2636
7  1   0.0922493        0.641407        5   61.9114
8  1   0.105172        0.859582        3   216.911
9  1   0.0908104        0.796144        4   148.067
10  1   0.110502        0.828874        3   135.614
1  2   0.447431        0.974762        0   31.9305
2  2   0.320043        0.97461        0   52.5772
3  2   0.234714        0.803026        1   93.1729
4  2   0.16001        0.783376        2   94.1982
5  2   0.190608        0.808917        1   126.364
6  2   0.178534        0.807604        2   81.7962
7  2   0.146201        0.917208        1   151.993
8  2   0.0918817        0.827845        3   156.793
9  2   0.132401        0.741473        4   86.9454
10  2   0.0828221        0.694924        5   133.779
1  3   0.216515        0.974661        0   65.9858
2  3   0.103718        0.89503        1   68.8725
3  3   0.11031        0.937884        2   43.1715
4  3   0.0298587        0.658838        3   119.619
5  3   0.0457846        0.902242        2   226.227
6  3   0.0891781        0.941424        2   170.632
7  3   0.0855654        0.688216        3   143.389
8  3   0.0806581        0.603704        4   119.653
9  3   0.109734        0.900052        2   186.566
10  3   0.0896224        0.963855        3   182.015
1  4   0.403086        0.97456        0   35.4446
2  4   0.696951        0.974842        0   24.9565
3  4   0.55067        0.974729        0   33.6181
4  4   0.340776        0.97466        0   100.602
5  4   0.23691        0.886169        2   95.1508
6  4   0.359823        0.844524        2   40.6851
7  4   0.30847        0.892732        2   80.3907
8  4   0.266983        0.926065        2   113.933
9  4   0.266983        0.926065        2   113.933
10  4   0.275669        0.97468        0   153.642
1  5   0        0.233572        1   -nan
2  5   0.149098        0.972721        1   47.9087
3  5   0.184912        0.974694        0   125.025
4  5   0.0482092        0.731046        1   257.735
5  5   0.162148        0.955762        2   83.8807
6  5   0.104126        0.923978        3   139.844
7  5   0.14986        0.865424        3   104.098
8  5   0.109549        0.826935        4   136.347
9  5   0.0988521        0.819616        5   124.98
10  5   0.0141513        0.788296        8   207.755
1  6   0        0.977061        1   -nan
2  6   0.0349944        0.974095        1   204.128
3  6   0.229292        0.974661        0   144.146
4  6   0.15802        0.974049        1   182.066
5  6   0.132573        0.779871        1   164.693
6  6   0.132573        0.779871        1   164.693
7  6   0.0584663        0.966623        2   251.794
8  6   0.0981715        0.832097        3   116.438
9  6   0.0735059        0.831507        4   205.522
10  6   0.061182        0.821163        5   174.133
1  7   0        0.377371        1   -nan
2  7   0.168725        0.97461        0   108.732
3  7   0        0.734947        3   -nan
4  7   0.0100793        0.408024        3   354.357
5  7   0.0824462        0.962241        3   167.474
6  7   0.0849092        0.971127        1   193.304
7  7   0.0504322        0.958908        4   137.646
8  7   0.0730489        0.80851        4   167.301
9  7   0.056666        0.914962        6   123.132
10  7   0.0644992        0.825875        6   124.9
1  8   0.0602605        0.974559        0   237.082
2  8   0        0.865262        2   -nan
3  8   0.0189339        0.843362        2   251.519
4  8   0.147321        0.710376        3   24.2441
5  8   0.133523        0.968058        2   161.264
6  8   0.0821207        0.60193        5   28.9953
7  8   0.118474        0.768814        4   73.1266
8  8   0.217656        0.959417        3   108.849
9  8   0.198403        0.819266        3   179.168
10  8   0.198942        0.846983        2   172.593
1  9   0.876002        0.974559        0   16.309
2  9   0.437312        0.968126        1   16.3347
3  9   0.279828        0.937896        2   17.0184
4  9   0.193834        0.945586        3   18.426
5  9   0.292403        0.929503        2   46.1172
6  9   0.167505        0.792667        3   119.846
7  9   0.187123        0.824264        3   123.648
8  9   0.171789        0.861695        2   174.67
9  9   0.0973121        0.758902        6   116.682
10  9   0.179372        0.885243        2   201.122
1  10   0.47958        0.97456        0   29.7909
2  10   0.260417        0.972981        1   27.4306
3  10   0.270398        0.880055        1   42.3979
4  10   0.205428        0.903635        1   85.6058
5  10   0.305929        0.965638        1   157.882
6  10   0.305929        0.965638        1   157.882
7  10   0.218837        0.811818        3   168.103
8  10   0.15716        0.849273        4   189.43
9  10   0.129259        0.815649        5   144.025
10  10   0.144382        0.779422        4   176.399
1  11   0.993477        0.974763        0   14.381
2  11   0.482687        0.908389        1   14.7988
3  11   0.329277        0.884444        2   14.4632
4  11   0.246231        0.839862        3   14.5059
5  11   0.238349        0.958954        3   42.7104
6  11   0.216492        0.838856        3   139.633
7  11   0.224423        0.90684        3   74.5882
8  11   0.209102        0.734328        2   149.883
9  11   0.180378        0.797147        4   110.145
10  11   0.154165        0.582423        6   70.3835
1  12   0        0.952773        1   -nan
2  12   0.305494        0.969549        1   23.3838
3  12   0.293565        0.729813        1   37.2995
4  12   0.256497        0.973499        1   99.5413
5  12   0.00985473        0.581939        4   289.946
6  12   0.0670156        0.753759        3   180.279
7  12   0.184281        0.833211        4   64.4287
8  12   0.162752        0.96118        3   154.232
9  12   0.0894392        0.81512        6   157.493
10  12   0.120104        0.762259        6   76.8945
1  13   0.0760673        0.974661        0   187.817
2  13   0.0502851        0.966414        1   142.057
3  13   0.0559949        0.960466        1   170.269
4  13   0.0552432        0.948033        2   145.529
5  13   0.0423365        0.579345        3   147.921
6  13   0.0725085        0.936625        4   115.804
7  13   0.135153        0.673166        4   132.644
8  13   0.103701        0.886026        5   89.9928
9  13   0.0858649        0.884242        3   136.831
10  13   0.116539        0.754151        5   98.3071
1  14   0        0.908764        1   -nan
2  14   0.0154383        0.915079        1   462.702
3  14   0.0709066        0.968351        1   174.23
4  14   0.116475        0.897679        1   107.483
5  14   0.0773444        0.707938        3   76.2607
6  14   0.109875        0.870467        2   133.651
7  14   0.0613564        0.794439        4   136.761
8  14   0.0439742        0.73277        6   85.0908
9  14   0.0779347        0.961042        2   200.752
10  14   0.0524151        0.866025        5   183.537
1  15   0.0478356        0.974762        0   298.662
2  15   0.0824138        0.768987        1   86.6766
3  15   0.0932999        0.764184        1   106.732
4  15   0.103331        0.791852        2   85.8602
5  15   0.0382124        0.965769        2   245.375
6  15   0.110551        0.848784        2   134.168
7  15   0.0796117        0.972622        2   180.164
8  15   0.0490762        0.769451        5   138.336
9  15   0.0970788        0.763881        3   105.914
10  15   0.0570417        0.685356        6   107.397
1  16   0.356859        0.974762        0   40.0345
2  16   0.185665        0.583475        1   38.4744
3  16   0.143455        0.727019        2   33.1968
4  16   0.0750277        0.720082        3   47.6047
5  16   0.0735601        0.43647        4   38.841
6  16   0.0713035        0.609888        4   169.404
7  16   0.0809005        0.791539        4   125.379
8  16   0.0684703        0.871441        3   193.288
9  16   0.0759465        0.804301        5   113.518
10  16   0.071372        0.763211        5   170.261
1  17   0.68698        0.974661        0   20.7964
2  17   0.05873        0.855099        1   121.63
3  17   0.15428        0.83453        2   30.868
4  17   0.11769        0.925573        1   98.347
5  17   0.0379859        0.562056        3   164.413
6  17   0.10652        0.925255        2   120.321
7  17   0.0578567        0.860128        4   153.489
8  17   0.149532        0.729796        5   75.7602
9  17   0.161256        0.888496        2   199.794
10  17   0.0938435        0.853266        3   137.904
1  18   0.772549        0.974661        0   18.4929
2  18   0        0.963506        2   -nan
3  18   0.0432475        0.97553        1   229.901
4  18   0.105525        0.96827        1   145.835
5  18   0.114254        0.969154        1   145.346
6  18   0.103169        0.953464        1   149.436
7  18   0.0512455        0.738858        3   182.669
8  18   0.106551        0.757367        2   127.341
9  18   0.0596258        0.935601        5   140.622
10  18   0.0814255        0.903628        5   128.329
1  19   0.459303        0.974864        0   31.1051
2  19   0.144399        0.85865        1   49.4692
3  19   0.129186        0.898575        2   36.8633
4  19   0.125083        0.885753        2   134.999
5  19   0.250298        0.964867        2   131.158
6  19   0.239769        0.808705        2   81.5111
7  19   0.221977        0.968098        1   180.425
8  19   0.15197        0.772871        4   145.561
