1  0   0        0.95532        1   -nan
2  0   0.232993        0.973465        1   30.6865
3  0   0.162174        0.68498        2   29.3661
4  0   0.121642        0.942589        3   29.3633
5  0   0.262125        0.711695        3   23.8263
6  0   0.218531        0.743747        4   23.8197
7  0   0.187295        0.518892        5   23.814
8  0   0.162746        0.544462        6   24.0139
9  0   0.144626        0.508681        7   24.0205
10  0   0.128427        0.52452        7   59.7851
1  1   0.911429        0.97466        0   15.6747
2  1   0.663235        0.974661        0   25.2437
3  1   0.451482        0.779343        1   23.4073
4  1   0.343884        0.487524        2   23.28
5  1   0.0767441        0.581348        4   37.2323
6  1   0.0753221        0.794398        4   120.264
7  1   0.0699093        0.482415        5   95.9275
8  1   0.0486202        0.590277        7   36.7307
9  1   0.164814        0.500984        6   54.5813
10  1   0.0209889        0.608484        8   138.183
1  2   0        0        1   -nan
2  2   0.0409232        0.923137        1   174.555
3  2   0.154995        0.647124        2   30.7395
4  2   0.116246        0.322011        3   30.7395
5  2   0.138768        0.647145        3   46.5817
6  2   0.134686        0.48733        3   63.931
7  2   0.0971904        0.278518        5   45.0297
8  2   0.114247        0.52488        4   93.0367
9  2   0.0936889        0.427276        6   57.0352
10  2   0.074125        0.584053        7   73.2429
1  3   0        0.920389        1   -nan
2  3   0        0.44886        2   -nan
3  3   0        0.612963        3   -nan
4  3   0.0268562        0.643271        3   132.992
5  3   0.0220677        0.717795        4   129.48
6  3   0.0489224        0.494241        5   48.6712
7  3   0.0656696        0.402257        5   62.2113
8  3   0.0574609        0.351975        6   62.2113
9  3   0.021254        0.481056        8   74.6877
10  3   0.0435439        0.554443        7   110.793
1  4   0        0.947365        1   -nan
2  4   0.505656        0.974713        0   78.0284
3  4   0.495714        0.974593        0   63.4874
4  4   0.370912        0.939212        1   58.4166
5  4   0.308776        0.947348        1   112.979
6  4   0.295281        0.962287        4   16.1282
7  4   0.281967        0.666715        4   34.7318
8  4   0.338886        0.809497        3   49.8171
9  4   0.291817        0.52366        5   27.8634
10  4   0.231198        0.489343        7   20.8857
1  5   0        0        1   -nan
2  5   0        0.472663        2   -nan
3  5   0        0.315108        3   -nan
4  5   0.0588856        0.483766        3   60.7087
5  5   0.0796019        0.384018        4   35.8947
6  5   0.149354        0.472764        5   15.9424
7  5   0.151308        0.540985        5   41.9164
8  5   0.132139        0.820434        6   41.9556
9  5   0.11749        0.718321        7   41.9466
10  5   0.0877785        0.733292        8   223.561
1  6   0        0.939081        1   -nan
2  6   0        0        2   -nan
3  6   0.1619        0.641943        2   29.4157
4  6   0.121425        0.713113        3   29.4157
5  6   0.0639069        0.388855        4   44.711
6  6   0.0532557        0.482114        5   44.711
7  6   0.103896        0.683662        4   64.9588
8  6   0.0602624        0.483323        6   66.2288
9  6   0.035474        0.50444        8   44.7486
10  6   0.0276832        0.817116        9   51.6053
1  7   0        0        1   -nan
2  7   0        0.474717        2   -nan
3  7   0        0.372937        3   -nan
4  7   0.0781108        0.245372        3   45.7421
5  7   0.0621533        0.361762        4   45.9715
6  7   0.0677568        0.324921        4   97.5373
7  7   0.0873583        0.417726        4   89.2894
8  7   0.0440977        0.4965        6   81.0541
9  7   0.0408209        0.632373        7   78.1365
10  7   0.0369082        0.569797        8   77.9186
1  8   0        0.882561        1   -nan
2  8   0        0.446964        2   -nan
3  8   0        0.471395        3   -nan
4  8   0.0781806        0.758932        3   45.6849
5  8   0.161421        0.493627        3   35.4381
6  8   0.145935        0.573782        3   93.1442
7  8   0.125066        0.491842        4   93.8648
8  8   0.1792        0.487134        5   103.976
9  8   0.152997        0.407694        7   23.7309
10  8   0.146742        0.404765        8   22.4642
1  9   0.46547        0.977685        0   30.7041
2  9   0.232702        0.969999        1   30.7149
3  9   0.155119        0.828731        2   30.7049
4  9   0.154199        0.716787        2   62.6073
5  9   0.101307        0.944538        3   70.3338
6  9   0.113767        0.950643        2   116.666
7  9   0.0710273        0.809551        5   73.5071
8  9   0.0619624        0.706741        6   74.1613
9  9   0.0582551        0.524078        7   69.5507
10  9   0.0452445        0.747911        8   90.9941
1  10   0        0.960238        1   -nan
2  10   0        0.480219        2   -nan
3  10   0.078459        0.874418        2   60.7188
4  10   0.116859        0.539427        3   30.5646
5  10   0.184149        0.708622        4   15.517
6  10   0.192623        0.758414        4   38.2029
7  10   0.163771        0.666047        5   38.4934
8  10   0.143231        0.581447        6   38.4391
9  10   0.127301        0.604199        7   38.4573
10  10   0.114978        0.470495        8   38.3346
1  11   0.929718        0.974763        0   15.3673
2  11   0.458098        0.496806        1   15.5991
3  11   0.309719        0.324853        2   15.3765
4  11   0.227988        0.243626        3   15.6658
5  11   0.18239        0.346938        4   15.6658
6  11   0.154985        0.322736        5   15.3641
7  11   0.173126        0.416935        5   31.7266
8  11   0.151477        0.24389        6   31.7314
9  11   0.133837        0.408546        7   32.4108
10  11   0.120438        0.344263        8   32.4239
1  12   0        0.852558        1   -nan
2  12   0.243428        0.48728        1   29.3459
3  12   0.162285        0.610221        2   29.3459
4  12   0.12171        0.482474        3   29.3468
5  12   0.0973683        0.385979        4   29.3468
6  12   0.0811402        0.648834        5   29.3468
7  12   0.123636        0.525956        5   33.1835
8  12   0.108096        0.585406        6   33.2058
9  12   0.095308        0.674005        7   33.4519
10  12   0.119369        0.682301        6   68.1021
1  13   0.0663519        0.97466        0   215.315
2  13   0        0.472986        2   -nan
3  13   0.0253532        0.640381        2   187.836
4  13   0        0.646522        4   -nan
5  13   0        0.631654        5   -nan
6  13   0.0516408        0.409782        5   46.1158
7  13   0.044206        0.601777        6   46.1683
8  13   0.0386995        0.531344        7   46.1453
9  13   0.0346287        0.582934        8   45.84
10  13   0.0419505        0.619358        8   77.5809
1  14   0        0.607621        1   -nan
2  14   0        0        2   -nan
3  14   0.123657        0.649774        1   82.3244
4  14   0.0596995        0.477496        3   60.3953
5  14   0.0466449        0.551884        4   61.2573
6  14   0.0392557        0.504233        5   60.6848
7  14   0.0370456        0.613324        5   110.382
8  14   0.0326844        0.561974        6   109.482
9  14   0.00332937        0.654094        8   480.726
10  14   0.00657957        0.516308        9   217.137
1  15   0        0.973218        1   -nan
2  15   0.0811981        0.487381        1   87.9743
3  15   0.111799        0.649739        1   85.6062
4  15   0.101864        0.487305        2   71.9027
5  15   0.0698968        0.641309        3   91.6713
6  15   0.0387229        0.495565        5   61.4871
7  15   0.0849288        0.605975        3   106.632
8  15   0.0552382        0.66482        5   111.406
9  15   0.054107        0.468976        6   99.2931
10  15   0        0.530825        10   -nan
1  16   0.301374        0.97492        0   47.4069
2  16   0.150646        0.48728        1   47.4199
3  16   0.100368        0.324853        2   47.4493
4  16   0.108128        0.715736        2   78.0861
5  16   0.0885888        0.715614        3   76.1304
6  16   0.0707672        0.463247        4   78.3868
7  16   0.062736        0.533713        5   77.3045
8  16   0.0166927        0.470219        7   106.98
9  16   0.026442        0.418864        7   121.535
10  16   0.0246297        0.376528        8   116.83
1  17   0        0.0200371        1   -nan
2  17   0        0.0120223        2   -nan
3  17   0        0.535888        3   -nan
4  17   0        0.408219        4   -nan
5  17   0        0.61205        5   -nan
6  17   0.0409027        0.460341        5   58.2141
7  17   0.0336318        0.468508        6   60.7005
8  17   0.051691        0.512366        5   108
9  17   0.0578638        0.685747        6   108.739
10  17   0.0305441        0.627118        8   130.472
1  18   0        0.874574        1   -nan
2  18   0        0.404316        2   -nan
3  18   0        0.475283        3   -nan
4  18   0.0272998        0.574524        3   130.829
5  18   0.043546        0.570678        3   131.995
6  18   0.0567518        0.706595        4   98.8483
7  18   0.033054        0.488335        5   123.996
8  18   0.0429843        0.468369        6   91.2374
9  18   0.0386046        0.368473        7   89.6426
10  18   0.0542929        0.524153        8   53.7497
1  19   0        0.96213        1   -nan
2  19   0        0.943034        2   -nan
3  19   0        0.323469        3   -nan
4  19   0        0.48238        4   -nan
5  19   0        0.38663        5   -nan
6  19   0        0.532201        6   -nan
7  19   0.0538535        0.2771        6   37.8957
8  19   0.0364637        0.43764        7   48.9724
9  19   0.031666        0.21581        8   50.1264
10  19   0        0.216957        10   -nan
1  20   0.165804        0.974865        0   86.1686
2  20   0.156465        0.95725        1   45.671
3  20   0.0983933        0.948196        2   48.3976
4  20   0.0734879        0.937591        3   48.5998
5  20   0.223316        0.755576        3   31.9086
6  20   0.200411        0.732858        4   31.9325
7  20   0.198762        0.800458        3   71.9495
8  20   0.177591        0.607589        5   43.4574
9  20   0.100819        0.369393        7   52.6732
10  20   0.114127        0.492258        8   32.5443
1  21   0        0        1   -nan
2  21   0        0.456612        2   -nan
3  21   0.155269        0.640998        2   30.6883
4  21   0.116028        0.712065        3   30.7821
5  21   0.0937944        0.637286        4   30.4648
6  21   0.0775001        0.603423        5   30.7416
7  21   0.051665        0.752891        6   39.5017
8  21   0.0639481        0.89554        6   67.3247
9  21   0.0644558        0.794422        6   100.374
10  21   0.0577911        0.738729        7   101.61
1  22   0        0.807583        1   -nan
2  22   0        0.187575        2   -nan
3  22   0.0436416        0.402004        2   109.121
4  22   0.0358258        0.301503        3   99.6957
5  22   0.0575169        0.551537        4   49.6791
6  22   0.0204226        0.457937        5   116.592
7  22   0.0639419        0.613693        4   148.025
8  22   0.0343924        0.544809        7   51.9227
9  22   0.0595125        0.526828        7   53.4506
10  22   0.0394056        0.61747        8   81.111
1  23   0        0.327081        1   -nan
2  23   0        0.475828        2   -nan
3  23   0.0507664        0.324887        2   93.8091
4  23   0.123937        0.761978        2   109.893
5  23   0.0355406        0.632207        3   213.368
6  23   0.116906        0.523154        3   91.0568
7  23   0.223052        0.697824        3   73.6169
8  23   0.23703        0.826794        3   61.2046
9  23   0.0909848        0.733213        6   67.5336
10  23   0.184121        0.681332        5   63.7699
1  24   0        0        1   -nan
2  24   0.0649399        0.757784        1   109.994
3  24   0.112639        0.648244        2   42.2765
4  24   0.112163        0.872479        2   84.0994
5  24   0.00895281        0.568059        4   319.156
6  24   0        0.719074        6   -nan
7  24   0        0.645478        7   -nan
8  24   0        0.541733        8   -nan
9  24   0        0.619615        9   -nan
10  24   0.0434326        0.629037        9   32.8952
1  25   0        0        1   -nan
2  25   0.455451        0.487971        1   15.6864
3  25   0.371281        0.650085        1   43.1549
4  25   0.278403        0.487565        2   42.9579
5  25   0.182021        0.745951        4   15.7136
6  25   0.163998        0.78317        4   104.972
7  25   0.141141        0.54818        5   103.615
8  25   0.143615        0.597762        5   159.468
9  25   0.12231        0.726856        6   106.636
10  25   0.232979        0.658976        6   48.1538
1  26   0.176849        0.974559        0   80.7845
2  26   0.0901934        0.548583        1   79.2003
3  26   0.179283        0.973258        1   59.5923
4  26   0.213711        0.775686        1   54.8533
5  26   0.156551        0.73923        2   63.5949
6  26   0.177426        0.785409        3   41.477
7  26   0.122636        0.688604        4   67.8385
8  26   0.133623        0.602595        4   75.1323
9  26   0.121334        0.643583        5   69.1706
10  26   0.164093        0.517803        7   31.8723
1  27   0        0.938962        1   -nan
2  27   0        0.921633        2   -nan
3  27   0        0.617194        3   -nan
4  27   0        0.788243        4   -nan
5  27   0.022355        0.825893        4   127.81
6  27   0.0389134        0.765335        4   145.546
7  27   0.056104        0.69339        4   125.74
8  27   0.0164516        0.577086        7   108.551
9  27   0.0146236        0.616323        8   108.551
10  27   0.0132708        0.46375        9   107.655
1  28   0.9132        0.975286        0   15.6536
2  28   0.456246        0.487747        1   15.6691
3  28   0.322293        0.649809        1   137.322
4  28   0.242131        0.488496        2   134.525
5  28   0.270748        0.673719        3   24.3327
6  28   0.367591        0.503509        3   21.6529
7  28   0.314881        0.431594        4   21.6652
8  28   0.218201        0.593427        6   16.3739
