1  0   0        0.967352        1   -nan
2  0   0.0757523        0.48728        1   94.301
3  0   0        0.61113        3   -nan
4  0   0        0.857042        4   -nan
5  0   0.183932        0.691265        4   15.5353
6  0   0.15294        0.467818        5   15.5695
7  0   0.131092        0.53484        6   15.5695
8  0   0.158293        0.472273        6   28.237
9  0   0.118618        0.415303        7   55.1339
10  0   0.0917065        0.581789        9   15.5793
1  1   0        0        1   -nan
2  1   0        0.482573        2   -nan
3  1   0        0.321662        3   -nan
4  1   0        0.241247        4   -nan
5  1   0        0.192997        5   -nan
6  1   0        0.317144        6   -nan
7  1   0        0.389527        7   -nan
8  1   0        0.338906        8   -nan
9  1   0        0.201369        9   -nan
10  1   0        0.376044        10   -nan
1  2   0        0        1   -nan
2  2   0        0        2   -nan
3  2   0        0        3   -nan
4  2   0        0        4   -nan
5  2   0        0        5   -nan
6  2   0        0        6   -nan
7  2   0        0.0467727        7   -nan
8  2   0        0.029039        8   -nan
9  2   0        0.118035        9   -nan
10  2   0        0.0828771        10   -nan
1  3   0        0        1   -nan
2  3   0        0        2   -nan
3  3   0        0.322837        3   -nan
4  3   0        0        4   -nan
5  3   0        0.192101        5   -nan
6  3   0.0206636        0.322528        5   115.232
7  3   0.0221247        0.276606        6   92.2481
8  3   0.0309286        0.46711        6   116.056
9  3   0.033909        0.521903        7   95.0922
10  3   0.0133015        0.445524        9   107.411
1  4   0.090509        0.974864        0   157.848
2  4   0        0.486113        2   -nan
3  4   0        0.644363        3   -nan
4  4   0.0234271        0.729332        3   152.464
5  4   0        0.56139        5   -nan
6  4   0        0.762454        6   -nan
7  4   0        0.659904        7   -nan
8  4   0.0117096        0.581563        7   152.516
9  4   0        0.321727        9   -nan
10  4   0        0.450414        10   -nan
1  5   0        0        1   -nan
2  5   0        0        2   -nan
3  5   0        0.307376        3   -nan
4  5   0        0.473372        4   -nan
5  5   0        0.381368        5   -nan
6  5   0        0.328176        6   -nan
7  5   0        0.408889        7   -nan
8  5   0        0.245471        8   -nan
9  5   0        0.318832        9   -nan
10  5   0        0.286579        10   -nan
1  6   0        0        1   -nan
2  6   0        0        2   -nan
3  6   0        0        3   -nan
4  6   0        0        4   -nan
5  6   0        0        5   -nan
6  6   0.0199283        0.162427        5   119.489
7  6   0        0.161224        7   -nan
8  6   0        0.0748925        8   -nan
9  6   0        0.174789        9   -nan
10  6   0        0.157313        10   -nan
1  7   0        0        1   -nan
2  7   0        0        2   -nan
3  7   0        0        3   -nan
4  7   0        0        4   -nan
5  7   0        0        5   -nan
6  7   0        0.0315052        6   -nan
7  7   0        0.143998        7   -nan
8  7   0        0.245225        8   -nan
9  7   0        0.217187        9   -nan
10  7   0        0.201973        10   -nan
1  8   0        0        1   -nan
2  8   0        0        2   -nan
3  8   0        0.29091        3   -nan
4  8   0.121824        0.461562        3   29.3195
5  8   0.0933187        0.460434        4   30.6367
6  8   0.106629        0.491617        4   56.5666
7  8   0.0666562        0.392408        6   30.6367
8  8   0.183792        0.352612        6   22.4398
9  8   0.163334        0.217166        7   22.4504
10  8   0.148977        0.430675        8   21.7867
1  9   0.470167        0.97456        0   30.3875
2  9   0.235028        0.48728        1   30.3947
3  9   0.156685        0.324853        2   30.3947
4  9   0.117514        0.474135        3   30.3948
5  9   0.0913095        0.385311        4   31.2922
6  9   0.0678743        0.321621        5   35.0797
7  9   0.058178        0.275675        6   35.0797
8  9   0.0508975        0.241184        7   35.0854
9  9   0.0489328        0.293074        8   32.4773
10  9   0.0442649        0.275752        9   32.2738
1  10   0        0        1   -nan
2  10   0        0        2   -nan
3  10   0        0        3   -nan
4  10   0        0        4   -nan
5  10   0        0.36511        5   -nan
6  10   0        0.30317        6   -nan
7  10   0        0.364543        7   -nan
8  10   0        0.228177        8   -nan
9  10   0        0.28768        9   -nan
10  10   0        0.183648        10   -nan
1  11   0        0.96911        1   -nan
2  11   0        0.484555        2   -nan
3  11   0        0.323037        3   -nan
4  11   0        0.242278        4   -nan
5  11   0        0.506485        5   -nan
6  11   0        0.319121        6   -nan
7  11   0        0.436549        7   -nan
8  11   0        0.541864        8   -nan
9  11   0        0.392835        9   -nan
10  11   0        0.330548        10   -nan
1  12   0        0        1   -nan
2  12   0        0        2   -nan
3  12   0        0        3   -nan
4  12   0        0.222693        4   -nan
5  12   0        0.178154        5   -nan
6  12   0        0.204277        6   -nan
7  12   0.05468        0.404358        6   37.3261
8  12   0.047845        0.458392        7   37.3261
9  12   0.0425517        0.395292        8   37.3061
10  12   0.0382785        0.366812        9   37.3237
1  13   0        0        1   -nan
2  13   0        0        2   -nan
3  13   0        0.210117        3   -nan
4  13   0        0        4   -nan
5  13   0        0.34122        5   -nan
6  13   0        0.141501        6   -nan
7  13   0        0.26627        7   -nan
8  13   0.00686386        0.458173        7   260.18
9  13   0.00614276        0.307792        8   258.42
10  13   0        0.179293        10   -nan
1  14   0        0        1   -nan
2  14   0        0        2   -nan
3  14   0        0.601427        3   -nan
4  14   0        0.601427        3   -nan
5  14   0.0472494        0.194912        4   60.4753
6  14   0.0472494        0.194912        4   60.4753
7  14   0        0.138932        7   -nan
8  14   0        0.121578        8   -nan
9  14   0        0.173787        9   -nan
10  14   0        0.237207        10   -nan
1  15   0        0        1   -nan
2  15   0        0        2   -nan
3  15   0        0        3   -nan
4  15   0        0        4   -nan
5  15   0        0        5   -nan
6  15   0        0.147765        6   -nan
7  15   0        0        7   -nan
8  15   0        0        8   -nan
9  15   0        0.277012        9   -nan
