1  0   0.060824        0.0891795        0   234.891
2  0   0.0588713        0.0845618        0   248.031
3  0   0.0348012        0.0787217        1   277.214
4  0   0.0272771        0.0794902        2   266.548
5  0   0.0574984        0.129746        1   207.51
6  0   0.0397931        0.105074        2   270.087
7  0   0.0245888        0.0768821        3   345.633
8  0   0.0247045        0.095013        5   219.005
9  0   0.0426052        0.121393        3   249.067
10  0   0.0342106        0.122299        4   288.033
1  1   0.999305        0.97456        0   14.2972
2  1   0.641107        0.963002        0   22.3579
3  1   0.216052        0.397252        1   63.6415
4  1   0.148957        0.310417        0   243.034
5  1   0.127072        0.29873        1   145.498
6  1   0.0648939        0.165064        2   223.465
7  1   0.0449968        0.122202        2   283.683
8  1   0.0713357        0.21263        3   218.018
9  1   0.0443831        0.112187        2   298.362
10  1   0.0749675        0.224838        4   223.238
1  2   0.0546301        0.0888133        0   261.517
2  2   0.0271053        0.064671        1   263.54
3  2   0.0393992        0.0859956        1   314.84
4  2   0.0162716        0.0529859        3   219.506
5  2   0.0344203        0.0965932        3   258.811
6  2   0.0264805        0.0620974        3   309.976
7  2   0.0501227        0.116717        5   84.3092
8  2   0.0546757        0.13883        5   107.335
9  2   0.0269178        0.0671895        7   259.693
10  2   0.0212192        0.0664496        7   219.395
1  3   0.0530921        0.0730195        0   269.079
2  3   0.0221486        0.0563019        1   322.503
3  3   0.0756183        0.127923        2   62.9778
4  3   0.0651685        0.120061        2   228.819
5  3   0        0.0459366        5   -nan
6  3   0.0501916        0.120809        3   271.82
7  3   0.0447535        0.111121        4   266.898
8  3   0.022958        0.070363        4   336.212
9  3   0.023887        0.0812248        5   291.917
10  3   0.0359167        0.118581        3   316.184
1  4   0.116556        0.167233        0   122.574
2  4   0.542822        0.583937        0   71.4919
3  4   0.364692        0.421478        1   62.8712
4  4   0.339875        0.41614        2   25.4142
5  4   0.22067        0.383252        2   166.395
6  4   0.176091        0.254462        2   172.445
7  4   0.156667        0.256116        2   195.439
8  4   0.14283        0.249604        4   140.77
9  4   0.1319        0.263881        4   173.769
10  4   0.0535473        0.143237        3   231.961
1  5   0.0319453        0.0495913        0   447.202
2  5   0.0274502        0.0688268        1   260.231
3  5   0.042533        0.0693686        0   356.174
4  5   0.0389595        0.0728046        0   379.118
5  5   0.0793509        0.128965        0   315.13
6  5   0.0484051        0.10162        1   283.396
