1  0   0.152645        0.206208        0   93.5921
2  0   0.157935        0.239742        0   92.0868
3  0   0.174431        0.263322        1   69.4263
4  0   0.120958        0.213218        2   70.4084
5  0   0.0956024        0.200094        1   186.193
6  0   0.0575743        0.129932        2   206.488
7  0   0.0517963        0.117646        3   174.647
8  0   0.0350506        0.104339        4   289.272
9  0   0.0617654        0.159863        4   211.594
10  0   0.0323245        0.0813828        5   292.673
1  1   0.054263        0.100273        0   263.288
2  1   0.048636        0.0775126        0   315.756
3  1   0.0464438        0.0892208        0   324.746
4  1   0.0420221        0.0804993        1   255.314
5  1   0.0343404        0.0803526        2   251.454
6  1   0.0518106        0.103925        1   282.31
7  1   0.036818        0.0852242        2   316.354
8  1   0.0664299        0.165251        2   246.882
9  1   0.0374138        0.0840551        2   318.247
10  1   0.0565889        0.149731        3   230.03
1  2   0.0349368        0.062781        0   408.936
2  2   0.0455026        0.0808964        1   156.989
3  2   0.0418617        0.0740951        1   304.853
4  2   0.0271963        0.0640629        2   264.068
5  2   0.0288242        0.0724531        2   311.935
6  2   0.0328655        0.0804319        3   232.909
7  2   0.0233021        0.0607969        4   278.086
8  2   0.0279218        0.0770172        5   203.211
9  2   0.0214959        0.0623019        6   228.728
10  2   0.0211198        0.0588429        7   223.17
1  3   0.0632083        0.156096        0   226.027
2  3   0.0317459        0.0954176        1   225.018
3  3   0.042645        0.109464        1   223.365
4  3   0.044053        0.107194        1   254.444
5  3   0.0424655        0.125832        1   283.227
6  3   0.0513513        0.160469        3   151.369
7  3   0.0197686        0.106582        5   227.69
8  3   0.0403777        0.116232        4   217.372
9  3   0.0410538        0.144911        5   226.512
10  3   0.0437386        0.157643        6   176.082
1  4   0.113505        0.165093        0   125.862
2  4   0.227819        0.336908        0   85.5426
3  4   0.284046        0.389323        0   140.796
4  4   0.084445        0.172565        1   186.364
5  4   0.0688915        0.131814        2   151.59
6  4   0.0901841        0.173332        2   132.595
7  4   0.08383        0.156898        2   232.069
8  4   0.094482        0.20361        2   149.217
9  4   0.0779131        0.166552        3   141.281
10  4   0.0559234        0.141964        4   175.159
1  5   0        0.0331753        1   -nan
2  5   0.0146728        0.0391437        1   486.827
3  5   0.00989334        0.0304036        2   481.341
4  5   0.0522751        0.120443        2   288.071
5  5   0.0409823        0.125468        3   289.271
6  5   0.0355142        0.113059        4   200.8
7  5   0.0398711        0.103905        4   233.693
8  5   0.0452706        0.149754        4   212.919
9  5   0.0295632        0.080431        5   234.331
10  5   0.053924        0.132731        6   176.574
1  6   0        0.024495        1   -nan
2  6   0.0170495        0.0391624        1   418.98
3  6   0.0355602        0.0733282        1   330.818
4  6   0.0328468        0.0747641        1   338.797
5  6   0.0354991        0.0809633        1   382.107
6  6   0.0293712        0.0740337        1   415.866
7  6   0.0267533        0.068804        2   389.35
8  6   0.0303973        0.0762332        3   306.527
9  6   0.0347159        0.0839089        3   283.857
10  6   0.0232664        0.071421        4   379.6
1  7   0        0.0201687        1   -nan
2  7   0.0316703        0.0486128        1   225.561
3  7   0.020729        0.0364996        2   229.745
4  7   0.0179299        0.0340751        3   199.205
5  7   0.0163931        0.0336732        3   352.549
6  7   0.0125023        0.0325096        4   380.969
7  7   0.026964        0.0712506        4   255.933
8  7   0.0304178        0.0924132        5   238.099
9  7   0.0232833        0.069018        6   252.975
10  7   0.0267628        0.0765728        6   274.404
1  8   0.0343795        0.0652605        0   415.566
2  8   0.0224122        0.0530423        1   318.714
3  8   0        0.0241631        3   -nan
4  8   0.12783        0.185638        2   237.501
5  8   0.048901        0.13329        4   58.4292
6  8   0.0964354        0.165908        4   168.159
1  9   0.400667        0.762975        0   35.6585
2  9   0.198361        0.382327        1   36.0113
3  9   0.0319269        0.0635586        1   298.962
4  9   0.0391436        0.0785738        1   293.639
5  9   0.10103        0.205815        1   178.831
6  9   0.0848541        0.198784        1   239.567
7  9   0.0613344        0.139042        1   245.357
8  9   0.0650941        0.162292        3   209.986
9  9   0.0716535        0.179691        4   185.436
10  9   0.0962934        0.284165        4   117.513
1  10   0.0671486        0.119622        0   212.767
2  10   0.0546925        0.088312        0   269.638
3  10   0.0474583        0.0805886        0   328.655
4  10   0.0510782        0.0924843        0   304.156
5  10   0.0625088        0.114052        0   256.079
6  10   0.0809981        0.160617        0   182.884
7  10   0.0641182        0.135604        1   239.845
8  10   0.0551888        0.120469        2   211.811
9  10   0.0634332        0.139471        1   226.079
10  10   0.0511951        0.115038        2   270.441
