1  0   0.0414766        0.0675362        0   344.457
2  0   0.0886513        0.120681        0   259.211
3  0   0.0668594        0.100776        0   245.158
4  0   0.0419218        0.0921802        2   181.767
5  0   0.113363        0.307607        2   89.3991
6  0   0.0834061        0.187172        2   157.091
7  0   0.0814232        0.171147        2   178.511
8  0   0.0620775        0.153614        3   221.392
9  0   0.0546999        0.157433        3   228.432
10  0   0.040996        0.122105        5   221.176
1  1   0.933956        0.97456        0   15.2975
2  1   0.664381        0.748093        0   25.1493
3  1   0.334798        0.38964        0   215.424
4  1   0.247718        0.300291        1   196.107
5  1   0.0769748        0.1556        1   209.182
6  1   0.0714306        0.154319        2   178.898
7  1   0.109581        0.245713        1   156.168
8  1   0.0930822        0.277264        1   188.695
9  1   0.0840328        0.198515        2   192.333
10  1   0.10447        0.240086        2   191.945
1  2   0.0532247        0.0781177        0   268.425
2  2   0.0429256        0.067606        0   334.725
3  2   0.0414504        0.0680512        0   352.205
4  2   0.056946        0.116464        1   215.657
5  2   0.0795555        0.13568        0   228.113
6  2   0.0439152        0.115053        2   260.719
7  2   0.0717728        0.162799        1   234.628
8  2   0.0457607        0.12083        4   176.98
9  2   0.0557045        0.128505        3   215.18
10  2   0.0543325        0.174255        5   205.768
1  3   0.0771681        0.125804        0   185.139
2  3   0.0987893        0.170027        0   161.423
3  3   0.0680909        0.13007        1   145.396
4  3   0.0507677        0.127361        2   148.219
5  3   0.0341036        0.0881617        2   275.699
6  3   0.0340388        0.111527        4   145.89
7  3   0.0370207        0.101584        4   180.437
8  3   0.0360509        0.11236        4   240.432
9  3   0.0401145        0.124063        5   209.505
10  3   0.0397114        0.12682        4   260.942
1  4   0.0328223        0.0504919        0   435.256
2  4   0.501719        0.509691        0   252.327
3  4   0.349414        0.380455        1   84.702
4  4   0.286505        0.340948        2   43.9788
5  4   0.248588        0.347967        2   62.1267
6  4   0.194733        0.294092        3   54.4833
6  4   0.153333        0.252444        3   107.425
8  4   0.110989        0.247275        3   172.101
9  4   0.139925        0.310733        4   119.548
10  4   0.105229        0.286001        4   111.628
1  5   0        0.0244955        1   -nan
2  5   0.0429057        0.064292        1   166.489
3  5   0.0753252        0.116161        1   278.458
4  5   0.110326        0.55672        1   110.531
5  5   0.165098        0.936431        1   208.361
6  5   0.155927        0.667119        2   219.324
7  5   0.140161        0.674478        1   269.337
8  5   0.0881335        2.47499        3   210.373
9  5   0.111161        2.20679        3   230.836
10  5   0.0837816        1.37716        4   202.834
1  6   0.0339377        0.0568572        0   420.964
2  6   0.0165341        0.0373425        1   432.041
3  6   0.0247939        0.048838        1   403.363
4  6   0.0434092        0.122727        1   311.103
5  6   0.0450163        0.111692        1   313.981
6  6   0.0879077        0.309424        2   168.076
7  6   0.0591261        0.180236        2   270.573
8  6   0.0604301        0.176362        3   192.303
9  6   0.0562673        0.159747        4   161.864
10  6   0.0678702        0.15688        1   254.864
1  7   0        0.0233335        1   -nan
2  7   0        0.0434674        2   -nan
3  7   0.0124042        0.0487851        2   383.901
4  7   0.0216669        0.0565129        2   329.686
5  7   0.0571334        0.196198        3   122.77
6  7   0.060546        0.170038        2   222.975
7  7   0.0580685        0.151846        3   198.593
8  7   0.0591299        0.175435        2   265.919
9  7   0.0490733        0.12985        3   219.494
10  7   0.047026        0.119582        3   271.951
1  8   0.0506623        0.0803839        0   281.999
2  8   0.0178583        0.0312074        1   399.981
3  8   0.0100317        0.0230482        2   474.721
4  8   0.0981826        0.151769        2   135.454
5  8   0.0747308        0.14231        3   259.903
6  8   0.0703016        0.13081        3   230.803
7  8   0.0275703        0.0808071        3   352.154
8  8   0.145007        0.228664        3   223.141
9  8   0.152558        0.207817        5   137.51
10  8   0.162062        0.256565        4   189.234
1  9   0.766562        0.929036        0   18.6379
2  9   0.379369        0.464518        1   18.8301
3  9   0.205215        0.298873        1   246.319
4  9   0.0400537        0.0819411        2   191.876
5  9   0.120173        0.213088        2   143.463
6  9   0.1035        0.256244        3   161.603
7  9   0.103344        0.186727        3   174.805
8  9   0.0959346        0.192971        2   211.989
9  9   0.0901914        0.188184        2   229.457
10  9   0.0761794        0.164491        4   234.544
1  10   0.315766        0.525191        0   45.2437
2  10   0.210596        0.304725        0   73.4524
3  10   0.0832802        0.164431        2   57.1809
4  10   0.114587        0.201364        0   224.529
5  10   0.188821        0.283827        1   196.706
6  10   0.200846        0.311043        2   165.736
7  10   0.155189        0.299191        3   205.983
8  10   0.134655        0.331726        1   236.298
9  10   0.13499        0.31342        1   191.376
10  10   0.133111        0.323956        1   204.682
