4   0   1  0        0.0466102        1   -nan
4   0   2  0.485717        0.504883        1   14.7074
4   0   3  0.329575        0.344751        1   201.695
4   0   4  0.293139        0.387128        1   189.198
4   0   5  0.0726657        0.170297        3   90.0422
4   0   6  0.214484        0.328508        2   66.2474
4   0   7  0.0538321        0.130675        4   132.25
4   0   8  0.0611122        0.130372        3   221.175
4   0   9  0.0600746        0.15675        4   191.114
4   0   10  0.0595185        0.164899        4   156.013
4   0.1   1  0.109119        0.154081        0   130.926
4   0.1   2  0.510026        0.521274        0   165.124
4   0.1   3  0.348886        0.378255        1   84.9765
4   0.1   4  0.282184        0.344601        1   158.927
4   0.1   5  0.244156        0.341236        2   65.0858
4   0.1   6  0.208671        0.327121        2   83.8486
4   0.1   7  0.184973        0.295584        3   71.7434
4   0.1   8  0.104029        0.227006        3   228.97
4   0.1   9  0.151567        0.251962        4   125.96
4   0.1   10  0.121702        0.314345        4   146.578
4   0.2   1  0.0325387        0.0509493        0   439.068
4   0.2   2  0.557408        0.583859        0   58.4121
4   0.2   3  0.352606        0.383006        1   81.3553
4   0.2   4  0.275253        0.339416        2   45.7493
4   0.2   5  0.234898        0.325403        2   73.6138
4   0.2   6  0.22176        0.349066        2   69.0114
4   0.2   7  0.186452        0.284797        3   86.2718
4   0.2   8  0.173993        0.309057        3   97.7454
4   0.2   9  0.148412        0.233668        5   80.8958
4   0.2   10  0.100117        0.240412        4   171.598
4   0.3   1  0.0492173        0.0718214        0   290.28
4   0.3   2  0.556153        0.602983        0   59.219
4   0.3   3  0.349759        0.37183        1   83.4919
4   0.3   4  0.269593        0.329012        1   165.753
4   0.3   5  0.213105        0.323667        2   66.3567
4   0.3   6  0.22613        0.353775        2   63.957
4   0.3   7  0.139559        0.232865        3   169.649
4   0.3   8  0.076959        0.213205        4   129.185
4   0.3   9  0.146672        0.28624        5   64.0264
4   0.3   10  0.0721786        0.185361        4   166.781
4   0.4   1  0.0300774        0.0443341        0   475.002
4   0.4   2  0.556751        0.590463        0   58.7717
4   0.4   3  0.36136        0.393286        1   64.7667
4   0.4   4  0.27613        0.331242        2   44.093
4   0.4   5  0.230669        0.32169        2   70.1633
4   0.4   6  0.244692        0.42409        2   48.8637
4   0.4   7  0.199034        0.311611        3   60.3116
4   0.4   8  0.169622        0.277676        3   110.049
4   0.4   9  0.140921        0.256099        5   81.1196
4   0.4   10  0.109011        0.294756        4   110.43
4   0.5   1  0.0340122        0.0512293        0   420.029
4   0.5   2  0.549442        0.592217        0   64.66
4   0.5   3  0.366014        0.399031        1   57.6755
4   0.5   4  0.295453        0.352098        1   162.366
4   0.5   5  0.248588        0.347967        2   62.1267
4   0.5   6  0.228507        0.324108        2   77.3141
4   0.5   7  0.154916        0.255491        3   104.236
4   0.5   8  0.107142        0.244601        4   98.8826
4   0.5   9  0.131275        0.30823        5   68.0367
4   0.5   10  0.113822        0.277878        4   97.2256
4   0.6   1  0.122693        0.187778        0   116.444
4   0.6   2  0.55715        0.59505        0   58.061
4   0.6   3  0.331948        0.349443        1   173.542
4   0.6   4  0.294192        0.354027        1   159.842
4   0.6   5  0.235603        0.336346        2   79.4205
4   0.6   6  0.215818        0.339983        2   65.7172
4   0.6   7  0.172023        0.257168        3   99.4289
4   0.6   8  0.0789616        0.181723        4   115.673
4   0.6   9  0.1523        0.235503        5   82.7198
4   0.6   10  0.0735368        0.214852        4   163.499
4   0.7   1  0.141328        0.220397        0   101.09
4   0.7   2  0.559886        0.601367        0   56.2404
4   0.7   3  0.348122        0.369798        1   88.0646
4   0.7   4  0.267088        0.327412        2   50.8163
4   0.7   5  0.226418        0.306752        2   68.514
4   0.7   6  0.194943        0.311813        2   127.424
4   0.7   7  0.191411        0.373685        3   62.9502
4   0.7   8  0.165735        0.268475        4   83.3003
4   0.7   9  0.143423        0.287637        4   156.315
4   0.7   10  0.0825545        0.249477        4   167.239
4   0.8   1  0.141328        0.220397        0   101.09
4   0.8   2  0.559886        0.601367        0   56.2404
4   0.8   3  0.346171        0.374999        1   92.1081
4   0.8   4  0.270781        0.335556        2   47.3315
4   0.8   5  0.204287        0.269686        2   191.581
4   0.8   6  0.201029        0.310385        2   72.9258
4   0.8   7  0.193456        0.301657        3   67.3676
4   0.8   8  0.167127        0.265764        4   80.4074
4   0.8   9  0.149146        0.284522        4   135.541
4   0.8   10  0.0892085        0.316153        5   108.641
4   0.9   1  0.0305781        0.0444049        0   467.197
4   0.9   2  0.558719        0.601113        0   57.952
4   0.9   3  0.35057        0.377673        1   84.8553
4   0.9   4  0.270118        0.334941        2   45.005
4   0.9   5  0.222808        0.320854        2   71.5809
4   0.9   6  0.184721        0.290971        2   88.2825
4   0.9   7  0.136054        0.216628        3   191.261
4   0.9   8  0.157802        0.27691        4   87.0453
4   0.9   9  0.148218        0.260438        5   75.8082
4   0.9   10  0.0793274        0.214211        5   126.082
4   1   1  0.0299213        0.0443851        0   477.452
4   1   2  0.558719        0.601113        0   57.952
4   1   3  0.352394        0.380443        1   79.0996
4   1   4  0.278906        0.337848        1   168.361
4   1   5  0.232089        0.316028        2   61.43
4   1   6  0.194366        0.304982        2   75.0029
4   1   7  0.174154        0.334437        3   91.2432
4   1   8  0.170298        0.274236        4   75.7007
4   1   9  0.135076        0.269408        5   88.2417
4   1   10  0.0936548        0.229953        4   180.52
